{
 "cells": [
  {
   "cell_type": "code",
   "execution_count": null,
   "metadata": {
    "collapsed": false
   },
   "outputs": [],
   "source": [
    "import numpy as np\n",
    "import matplotlib.pyplot as plt\n",
    "%matplotlib inline\n",
    "from sklearn import metrics\n",
    "N = 100\n",
    "X = np.sort(20 * np.random.rand(N, 1)-10, axis=0)\n",
    "y = np.sin(X)/X\n",
    "y=y.ravel()\n",
    "noise = np.random.normal(0,0.2,N)\n",
    "t = y + noise\n",
    "#print(t)\n",
    "#y[::5] += 0.2 * (0.5 - np.random.rand(8)) #a = np.zeros((3, 3), int)\n",
    "A = np.zeros((N+1, N+1))\n",
    "\n",
    "np.fill_diagonal(A, 1e-6)  # initialoze all alpha is 0.01\n",
    "B = np.zeros((N, N))\n",
    "np.fill_diagonal(B, 1e-6)\n",
    "Alpha = np.diag(A)\n",
    "PHI =metrics.pairwise.rbf_kernel(X.reshape(-1,1),X.reshape(-1,1))\n",
    "#PHI=np.r_[np.ones((N,1)),PHI]\n",
    "PHI=np.column_stack((np.ones(N),PHI)) # N by N+1\n",
    "\n",
    "\n",
    "for i in range(1,1000):\n",
    "    #U = np.linalg.cholesky(1/0.04 * np.dot(PHI.T, PHI) + A)\n",
    "    #Ui = np.linalg.inv(U)\n",
    "    \n",
    "    #Sigma = np.dot(Ui,Ui.T)\n",
    "    #Sigma = np.linalg.inv((1/0.04 * np.dot(PHI.T, PHI) + A))\n",
    "    #Mu = 1/0.04 * np.dot(np.dot(Sigma, PHI.T),t)\n",
    "    Sigma = np.linalg.inv(np.dot(np.dot(PHI.T, B),PHI) + A) # N+1 by N+1\n",
    "    Mu = np.dot(np.dot(np.dot(Sigma,PHI.T),B),t.reshape(-1,1))  # N+1 by 1\n",
    "    \n",
    "    #print(np.diag(Sigma).reshape(1,-1))\n",
    "    \n",
    "    #Gamma = 1 -  np.dot(np.diag(A).reshape(-1,1), np.diag(Sigma).reshape(1,-1))\n",
    "    #A = np.diag(Gamma)/np.square(Mu)\n",
    "    Gamma = 1-np.diag(A).reshape(-1,1)* np.diag(Sigma).reshape(-1,1)\n",
    "    #Gamma = 1- Alpha * np.sum(np.square(Ui),axis=0)\n",
    "    #print(\"Gamma is : \", Gamma)\n",
    "    #DIF = Alpha - Gamma/np.square(Mu)/Gamma/np.square(Mu)\n",
    "    #print(DIF)\n",
    "    Alpha = Gamma/np.square(Mu)\n",
    "    #print(len(Alpha))\n",
    "    np.fill_diagonal(A,Alpha)\n",
    "    #print(\"A is: \", A)    \n",
    "    #Sigma = np.linalg.inv(np.dot(np.dot(PHI.T, B),PHI) + A) # N+1 by N+1\n",
    "    #Mu = np.dot(np.dot(np.dot(Sigma,PHI.T),B),t.reshape(-1,1))  # N+1 by 1\n",
    "    #Sigma_new = np.sum(np.square(t - np.dot(PHI,Mu)))/(N-np.sum(Gamma))\n",
    "    #Sigma_new = np.sum(np.square(t - np.dot(PHI,Mu)))/(N-np.sum(Gamma))\n",
    "    \n",
    "    Sigma_new = np.dot(np.absolute(t-np.dot(PHI,Mu).T),np.absolute(t-np.dot(PHI,Mu).T).T)/(N-np.sum(Gamma))\n",
    "    #print(Sigma_new)\n",
    "    np.fill_diagonal(B,1/Sigma_new)\n",
    "    #print(B)\n",
    "    #print('Sigma is :',np.sqrt(Sigma_new))\n",
    "#print('alpha is :',A)\n",
    "#print(np.dot(PHI,Mu).T)\n",
    "print('Sigma is :',np.sqrt(Sigma_new))\n",
    "Mu[Mu<1e-5]=0\n",
    "#print(Mu)\n",
    "#print(np.nonzero(Mu))"
   ]
  },
  {
   "cell_type": "code",
   "execution_count": null,
   "metadata": {
    "collapsed": false
   },
   "outputs": [],
   "source": [
    "W = Mu[np.nonzero(Mu)]\n"
   ]
  },
  {
   "cell_type": "code",
   "execution_count": null,
   "metadata": {
    "collapsed": false
   },
   "outputs": [],
   "source": [
    "import numpy as np\n",
    "import matplotlib.pyplot as plt\n",
    "%matplotlib inline\n",
    "from sklearn import metrics\n",
    "from sklearn.utils.validation import check_X_y\n",
    "\n",
    "\n",
    "\n",
    "# generate data\n",
    "N = 10\n",
    "X = np.sort(20 * np.random.rand(N, 1)-10, axis=0)\n",
    "y = np.sin(X)/X\n",
    "y=y.ravel()\n",
    "\n",
    "#noise = np.random.normal(0,0.2,N) # Beta = sigma=0.2 sigma ^-2 = 25\n",
    "#noise=[-0.20499857, -0.60856184,  0.01401506, -0.02762508,  0.04610335,  0.27162553,\n",
    "# -0.13175594,  0.03615839, -0.10797591,  0.26634466]\n",
    "\n",
    "noise = [-0.07849931,  0.42809446, -0.10594689, -0.00051753, -0.12775751,  0.05353166,\n",
    " -0.1379147,  -0.19749898, -0.0194281,   0.50225254]\n",
    "t = y + noise\n",
    "y = y.reshape(-1,1)\n",
    "X = X.reshape(-1,1) # N by 1\n",
    "t = t.reshape(-1,1) # N by 1\n",
    "X, y = check_X_y(X, t)\n",
    "# \n",
    "print(X)\n",
    "print(y)\n",
    "Phi =metrics.pairwise.rbf_kernel(X, X) # Gaussian kernel \n",
    "#Phi =metrics.pairwise.linear_kernel(X, X)\n",
    "#PHI=np.column_stack((np.ones(N),Phi)) \n",
    "\n",
    "#PHI=np.column_stack((Phi, np.ones(N))) \n",
    "\n",
    "PHI = np.append(Phi, np.ones((Phi.shape[0], 1)), axis=1)\n",
    "n_basic_functions = PHI.shape[1]\n",
    "print(n_basic_functions)\n",
    "# initial \n",
    "Alpha = 1e-6 * np.ones(n_basic_functions) \n",
    "Beta =  1.e-6# sigma^-2 = 1e-6 \n",
    "Threshod_Alpha = 1e10\n",
    "Threshold_Delta = 1e-3\n",
    "# fit \n",
    "Alpha_old = Alpha\n",
    "Mu=np.zeros(n_basic_functions)\n",
    "\n",
    "for i in range(10):\n",
    "    # posterior():\n",
    "    i_s = Beta * np.dot(PHI.T, PHI) + np.diag(Alpha)\n",
    "    Sigma = np.linalg.inv(i_s)\n",
    "    #Mu = Beta * np.dot(np.dot(Sigma, PHI.T), t)\n",
    "    Mu = Beta * np.dot(Sigma, np.dot(PHI.T, t))\n",
    "    Gamma = 1 -  Alpha * np.diag(Sigma)  \n",
    "    Alpha = Gamma / (Mu ** 2)\n",
    "    #print(np.sum(Gamma))\n",
    "    #print(Gamma)\n",
    "    print(Mu)\n",
    "    Beta = (N - np.sum(Gamma))/(np.sum((t - np.dot(PHI, Mu))**2))\n",
    "    #print(\"Gamm is \", Gamma)\n",
    "    #print(\"Alpha is \", Alpha)\n",
    "    #print(\"Beta is \", Beta)\n",
    "    # prune():\n",
    "    Keep_Alpha = Alpha < Threshod_Alpha\n",
    "    #if len(Keep_Alpha)<10:\n",
    "        #break\n",
    "     \n",
    "    if not np.any(Keep_Alpha):\n",
    "    \n",
    "        Keep_Alpha[0] = True    \n",
    "        Keep_Alpha[-1] = True\n",
    "    #if not Keep_Alpha[-1]:\n",
    "        \n",
    "    Alpha = Alpha[Keep_Alpha]\n",
    "    print(\"Gamma: {}\".format(Gamma))\n",
    "    \n",
    "    Alpha_old = Alpha_old[Keep_Alpha]\n",
    "    Gamma = Gamma [Keep_Alpha]\n",
    "\n",
    "    PHI = PHI[:,Keep_Alpha]\n",
    "    Sigma = Sigma[np.ix_(Keep_Alpha,Keep_Alpha)]\n",
    "    Mu = Mu[Keep_Alpha]\n",
    "    #print(i)\n",
    "    print(\"i_s: {}\".format(i_s))\n",
    "    print(\"sigma: {}\".format(Sigma))\n",
    "    print(\"mu {}\".format(Mu))\n",
    "    print(\"Iteration: {}\".format(i))\n",
    "    print(\"Alpha: {}\".format(Alpha))\n",
    "    print(\"Beta: {}\".format(Beta))\n",
    "    print(\"Gamma: {}\".format(Gamma))\n",
    "    print(\"m: {}\".format(Mu))\n",
    "    #print(\"Relevance Vectors: {}\".format(self.relevance_.shape[0]))\n",
    "    print()\n",
    "    \n",
    "    \n",
    "    Delta = np.amax(np.absolute(Alpha-Alpha_old))\n",
    "    if Delta < Threshold_Delta and i > 1:\n",
    "        break\n",
    "        \n",
    "    Alpha_old = Alpha    \n",
    "#Beta = (N - np.sum(Gamma))/np.sum((t - np.dot(PHI, Mu))**2)\n",
    "print(i)    \n",
    "print(\"Beta is \", Beta)\n",
    "print(\"Alpha is \", Alpha)\n",
    "print(\"Mu is \", Mu)    \n",
    "                                    \n",
    "                                    "
   ]
  },
  {
   "cell_type": "code",
   "execution_count": 70,
   "metadata": {
    "collapsed": false
   },
   "outputs": [],
   "source": [
    "import numpy as np\n",
    "import matplotlib.pyplot as plt\n",
    "%matplotlib inline\n",
    "from sklearn.utils.validation import check_X_y\n",
    "from sklearn.metrics.pairwise import rbf_kernel\n",
    "from sklearn.base import BaseEstimator, RegressorMixin, ClassifierMixin\n",
    "class BaseRVM(BaseEstimator):\n",
    "    \n",
    "    def __init__(\n",
    "        self,\n",
    "        kernel='rbf',\n",
    "        #degree=3,\n",
    "        coef1=None,\n",
    "        #coef0=0.0,\n",
    "        n_iter=3000,\n",
    "        tol = 1e-3,\n",
    "        alpha=1e-6,\n",
    "        threshold_alpha=1e9,\n",
    "        beta=1.e-6,\n",
    "        beta_fixed=False,\n",
    "        bias_used=True,\n",
    "        verbose=False\n",
    "):\n",
    "        self.kernel = kernel\n",
    "        #self.degree = degree\n",
    "        self.coef1 = coef1\n",
    "        #self.coef0 = coef0\n",
    "        self.n_iter = n_iter\n",
    "        self.tol = tol\n",
    "        self.alpha = alpha\n",
    "        self.threshold_alpha = threshold_alpha\n",
    "        self.beta = beta\n",
    "        self.beta_fixed = beta_fixed\n",
    "        self.bias_used = bias_used\n",
    "        self.verbose = verbose\n",
    "        \n",
    "    def get_params(self, deep=True):\n",
    "        params={\n",
    "            'kernel': self.kernel,\n",
    "            'degree': self.degree,\n",
    "            'coef1': self.coef1,\n",
    "            #'coef0': self.coef0,\n",
    "            'n_iter': self.n_iter,\n",
    "            'tol': self.tol,\n",
    "            'alpha': self.alpha,\n",
    "            'threshold_alpha': self.threshold_alpha,\n",
    "            'beta': self.beta,\n",
    "            'beta_fixed': self.beta_fixed,\n",
    "            'bias_used': self.bias_used,\n",
    "            'verbose': self.verbose\n",
    "        }\n",
    "        return params\n",
    "    \n",
    "    def set_params(self, **parameters):\n",
    "        for parameter, value in parameters.items():\n",
    "            setattr(self, parameter, value)\n",
    "        return self\n",
    "        \n",
    "    def apply_kernel(self, x, y):\n",
    "        if self.kernel == 'rbf':\n",
    "            phi = rbf_kernel(x, y, self.coef1) # Gaussian kernel \n",
    "        if self.bias_used:\n",
    "            phi = np.append(phi, np.ones((phi.shape[0], 1)), axis=1)   \n",
    "        return phi\n",
    "    \n",
    "    def _prune(self):\n",
    "        keep_alpha = self.alpha_ < self.threshold_alpha\n",
    "        \n",
    "        \n",
    "        #if not np.any(keep_alpha):\n",
    "         #   print(\"!!!\")\n",
    "         #   keep_alpha[0]=True\n",
    "         #   if self.bias_used:\n",
    "        \n",
    "                \n",
    "        #if self.bias_used:\n",
    "        #    if not keep_alpha[-1]:\n",
    "        #        self.bias_used=False\n",
    "        #    self.relevance_ = self.relevance_[keep_alpha[:-1]]\n",
    "        #else:\n",
    "        #    self.relevance_ = self.relevance_[keep_alpha]\n",
    "        \n",
    "        \n",
    "        self.alpha_ = self.alpha_[keep_alpha]\n",
    "        self.alpha_old = self.alpha_old[keep_alpha]\n",
    "        self.gamma = self.gamma[keep_alpha]\n",
    "        print(\"phi pruned before: {}\".format(self.phi))\n",
    "        self.phi = self.phi[:, keep_alpha]\n",
    "        print(\"phi pruned after: {}\".format(self.phi))\n",
    "        \n",
    "        print(\"sigma pruned before: {}\".format(self.sigma_))\n",
    "        self.sigma_ = self.sigma_[np.ix_(keep_alpha, keep_alpha)]\n",
    "        print(\"sigma pruned after: {}\".format(self.sigma_))\n",
    "        self.m_ = self.m_[keep_alpha]\n",
    "\n",
    "        \n",
    "    def fit(self, X, y):\n",
    "        X, y = check_X_y(X, y)\n",
    "        n_samples, n_features = X.shape\n",
    "        self.phi = self.apply_kernel(X, X)\n",
    "        n_basis_functions = self.phi.shape[1] \n",
    "        self.relevance_ = X\n",
    "        self.y=y\n",
    "        \n",
    "        self.alpha_ = self.alpha * np.ones(n_basis_functions)\n",
    "        self.beta_ = self.beta\n",
    "        \n",
    "        self.m_ = np.zeros(n_basis_functions)\n",
    "        \n",
    "        self.alpha_old = self.alpha_\n",
    "        \n",
    "        for i in range(self.n_iter):\n",
    "            self.posterior()\n",
    "            \n",
    "            self.gamma = 1 - self.alpha_ * np.diag(self.sigma_)\n",
    "            self.alpha_ = self.gamma/(self.m_ ** 2)\n",
    "            \n",
    "            if not self.beta_fixed:\n",
    "                self.beta_ = (n_samples - np.sum(self.gamma))/(np.sum((y-np.dot(self.phi, self.m_))**2))\n",
    "            \n",
    "            self._prune()\n",
    "        \n",
    "            if self.verbose:\n",
    "                print(\"Iteration: {}\".format(i))\n",
    "                print(\"Alpha: {}\".format(self.alpha_))\n",
    "                print(\"Beta: {}\".format(self.beta_))\n",
    "                print(\"Gamma: {}\".format(self.gamma))\n",
    "                print(\"m: {}\".format(self.m_))\n",
    "                print(\"Relevance Vectors: {}\".format(self.relevance_.shape[0]))\n",
    "                print()\n",
    "            \n",
    "            delta = np.amax(np.absolute(self.alpha_ - self.alpha_old))\n",
    "        \n",
    "            if delta < self.tol and i > 1:\n",
    "                break\n",
    "            \n",
    "            self.alpha_old = self.alpha_\n",
    "        \n",
    "        if self.bias_used:\n",
    "            self.bias = self.m_[-1]\n",
    "        else:\n",
    "            self.bias = None\n",
    "        return self\n",
    "\n",
    "class RVR(BaseRVM, RegressorMixin):\n",
    "        \n",
    "    def posterior(self):\n",
    "        i_s = np.diag(self.alpha_) + self.beta_ * np.dot(self.phi.T, self.phi)\n",
    "        self.sigma_ = np.linalg.inv(i_s)\n",
    "        #self.m_ = self.beta_ * np.dot(self.sigma_, np.dot(self.phi.T, self.y))\n",
    "        self.m_ = self.beta_ * np.dot(np.dot(self.sigma_,self.phi.T),self.y)\n",
    "    def predict(self, X, y, eval_MSE=False):\n",
    "        phi = self.apply_kernel(X, self.relevance_)\n",
    "        y = np.dot(phi, self.m_)\n",
    "        if eval_MSE:\n",
    "            MSE = (1/self.beta_) + np.dot(phi, np.dot(self.sigma_, phi.T))\n",
    "            return y, MSE[:,0]\n",
    "        else:\n",
    "            return y\n",
    "        "
   ]
  },
  {
   "cell_type": "code",
   "execution_count": 72,
   "metadata": {
    "collapsed": false
   },
   "outputs": [
    {
     "name": "stdout",
     "output_type": "stream",
     "text": [
      "phi pruned before: [[  1.00000000e+00   2.58832886e-01   3.39557546e-10   1.46359821e-27\n",
      "    1.32134733e-38   1.57301952e-54   4.11977533e-55   9.37844634e-65\n",
      "    1.01050608e-71   1.80762317e-77   1.00000000e+00]\n",
      " [  2.58832886e-01   1.00000000e+00   4.56128254e-06   3.28126870e-20\n",
      "    9.21876895e-30   7.06695406e-44   2.12805803e-44   4.42755475e-53\n",
      "    2.13047745e-59   1.24016040e-64   1.00000000e+00]\n",
      " [  3.39557546e-10   4.56128254e-06   1.00000000e+00   3.77831260e-05\n",
      "    3.38528384e-10   7.42050777e-19   3.40421611e-19   5.60754226e-25\n",
      "    2.46314710e-29   5.03750851e-33   1.00000000e+00]\n",
      " [  1.46359821e-27   3.28126870e-20   3.77831260e-05   1.00000000e+00\n",
      "    1.12352645e-01   2.27287372e-05   1.52944607e-05   1.09385717e-08\n",
      "    2.92162855e-11   1.52385132e-13   1.00000000e+00]\n",
      " [  1.32134733e-38   9.21876895e-30   3.38528384e-10   1.12352645e-01\n",
      "    1.00000000e+00   4.04078428e-02   3.24720860e-02   3.87286484e-04\n",
      "    6.93811658e-06   1.62280664e-07   1.00000000e+00]\n",
      " [  1.57301952e-54   7.06695406e-44   7.42050777e-19   2.27287372e-05\n",
      "    4.04078428e-02   1.00000000e+00   9.96403634e-01   3.59376943e-01\n",
      "    6.45854484e-02   9.30499846e-03   1.00000000e+00]\n",
      " [  4.11977533e-55   2.12805803e-44   3.40421611e-19   1.52944607e-05\n",
      "    3.24720860e-02   9.96403634e-01   1.00000000e+00   4.04322122e-01\n",
      "    7.84994581e-02   1.20200208e-02   1.00000000e+00]\n",
      " [  9.37844634e-65   4.42755475e-53   5.60754226e-25   1.09385717e-08\n",
      "    3.87286484e-04   3.59376943e-01   4.04322122e-01   1.00000000e+00\n",
      "    6.60855145e-01   2.65819037e-01   1.00000000e+00]\n",
      " [  1.01050608e-71   2.13047745e-59   2.46314710e-29   2.92162855e-11\n",
      "    6.93811658e-06   6.45854484e-02   7.84994581e-02   6.60855145e-01\n",
      "    1.00000000e+00   7.72969181e-01   1.00000000e+00]\n",
      " [  1.80762317e-77   1.24016040e-64   5.03750851e-33   1.52385132e-13\n",
      "    1.62280664e-07   9.30499846e-03   1.20200208e-02   2.65819037e-01\n",
      "    7.72969181e-01   1.00000000e+00   1.00000000e+00]]\n",
      "phi pruned after: [[  1.00000000e+00   2.58832886e-01   3.39557546e-10   1.46359821e-27\n",
      "    1.32134733e-38   1.57301952e-54   4.11977533e-55   9.37844634e-65\n",
      "    1.01050608e-71   1.80762317e-77   1.00000000e+00]\n",
      " [  2.58832886e-01   1.00000000e+00   4.56128254e-06   3.28126870e-20\n",
      "    9.21876895e-30   7.06695406e-44   2.12805803e-44   4.42755475e-53\n",
      "    2.13047745e-59   1.24016040e-64   1.00000000e+00]\n",
      " [  3.39557546e-10   4.56128254e-06   1.00000000e+00   3.77831260e-05\n",
      "    3.38528384e-10   7.42050777e-19   3.40421611e-19   5.60754226e-25\n",
      "    2.46314710e-29   5.03750851e-33   1.00000000e+00]\n",
      " [  1.46359821e-27   3.28126870e-20   3.77831260e-05   1.00000000e+00\n",
      "    1.12352645e-01   2.27287372e-05   1.52944607e-05   1.09385717e-08\n",
      "    2.92162855e-11   1.52385132e-13   1.00000000e+00]\n",
      " [  1.32134733e-38   9.21876895e-30   3.38528384e-10   1.12352645e-01\n",
      "    1.00000000e+00   4.04078428e-02   3.24720860e-02   3.87286484e-04\n",
      "    6.93811658e-06   1.62280664e-07   1.00000000e+00]\n",
      " [  1.57301952e-54   7.06695406e-44   7.42050777e-19   2.27287372e-05\n",
      "    4.04078428e-02   1.00000000e+00   9.96403634e-01   3.59376943e-01\n",
      "    6.45854484e-02   9.30499846e-03   1.00000000e+00]\n",
      " [  4.11977533e-55   2.12805803e-44   3.40421611e-19   1.52944607e-05\n",
      "    3.24720860e-02   9.96403634e-01   1.00000000e+00   4.04322122e-01\n",
      "    7.84994581e-02   1.20200208e-02   1.00000000e+00]\n",
      " [  9.37844634e-65   4.42755475e-53   5.60754226e-25   1.09385717e-08\n",
      "    3.87286484e-04   3.59376943e-01   4.04322122e-01   1.00000000e+00\n",
      "    6.60855145e-01   2.65819037e-01   1.00000000e+00]\n",
      " [  1.01050608e-71   2.13047745e-59   2.46314710e-29   2.92162855e-11\n",
      "    6.93811658e-06   6.45854484e-02   7.84994581e-02   6.60855145e-01\n",
      "    1.00000000e+00   7.72969181e-01   1.00000000e+00]\n",
      " [  1.80762317e-77   1.24016040e-64   5.03750851e-33   1.52385132e-13\n",
      "    1.62280664e-07   9.30499846e-03   1.20200208e-02   2.65819037e-01\n",
      "    7.72969181e-01   1.00000000e+00   1.00000000e+00]]\n",
      "sigma pruned before: [[ 577389.53153946  -68051.25283243   62849.32359914   62418.02809751\n",
      "    61596.17597973   43022.45725642   43282.04396124   40213.06632041\n",
      "    46370.07398146   45140.81872968 -125698.36411859]\n",
      " [ -68051.25283243  577389.62730722   62846.80991425   62418.07695665\n",
      "    61596.22415607   43022.49090499   43282.07781288   40213.09777183\n",
      "    46370.11024834   45140.85403513 -125698.46242958]\n",
      " [  62849.32359914   62846.80991425  564521.32985675   64059.95971365\n",
      "    63236.18404756   44167.19958546   44433.68537582   41283.04997874\n",
      "    47603.89459083   46341.92965001 -129042.95308975]\n",
      " [  62418.02809751   62418.07695665   64059.95971365  566773.01776077\n",
      "     6617.67803956   44658.46548175   44908.76132116   40958.8037627\n",
      "    47149.74273802   46029.85273382 -128157.99290737]\n",
      " [  61596.17597973   61596.22415607   63236.18404756    6617.67803956\n",
      "   565623.02621561   29819.79786531   34177.21237114   44913.9747155\n",
      "    47446.44051618   44584.11006823 -126470.54905578]\n",
      " [  43022.45725642   43022.49090499   44167.19958546   44658.46548175\n",
      "    29819.79786531  648131.13438865 -350176.45470547  -79000.89214515\n",
      "    47006.67177543   52619.86112876  -88334.60363967]\n",
      " [  43282.04396124   43282.07781288   44433.68537582   44908.76132116\n",
      "    34177.21237114 -350176.45470547  650437.43119178  -95749.87973311\n",
      "    39570.59527999   54739.67240118  -88867.5924586 ]\n",
      " [  40213.06632041   40213.09777183   41283.04997874   40958.8037627\n",
      "    44913.9747155   -79000.89214515  -95749.87973311  648294.31270358\n",
      "  -218024.85283328  -38298.55345937  -82566.30376502]\n",
      " [  46370.07398146   46370.11024834   47603.89459083   47149.74273802\n",
      "    47446.44051618   47006.67177543   39570.59527999 -218024.85283328\n",
      "   665192.08150252 -276312.66726856  -95207.9998937 ]\n",
      " [  45140.81872968   45140.85403513   46341.92965001   46029.85273382\n",
      "    44584.11006823   52619.86112876   54739.67240118  -38298.55345937\n",
      "  -276312.66726856  632211.88800316  -92684.06745556]\n",
      " [-125698.36411859 -125698.46242958 -129042.95308975 -128157.99290737\n",
      "  -126470.54905578  -88334.60363967  -88867.5924586   -82566.30376502\n",
      "   -95207.9998937   -92684.06745556  258086.49437192]]\n",
      "sigma pruned after: [[ 577389.53153946  -68051.25283243   62849.32359914   62418.02809751\n",
      "    61596.17597973   43022.45725642   43282.04396124   40213.06632041\n",
      "    46370.07398146   45140.81872968 -125698.36411859]\n",
      " [ -68051.25283243  577389.62730722   62846.80991425   62418.07695665\n",
      "    61596.22415607   43022.49090499   43282.07781288   40213.09777183\n",
      "    46370.11024834   45140.85403513 -125698.46242958]\n",
      " [  62849.32359914   62846.80991425  564521.32985675   64059.95971365\n",
      "    63236.18404756   44167.19958546   44433.68537582   41283.04997874\n",
      "    47603.89459083   46341.92965001 -129042.95308975]\n",
      " [  62418.02809751   62418.07695665   64059.95971365  566773.01776077\n",
      "     6617.67803956   44658.46548175   44908.76132116   40958.8037627\n",
      "    47149.74273802   46029.85273382 -128157.99290737]\n",
      " [  61596.17597973   61596.22415607   63236.18404756    6617.67803956\n",
      "   565623.02621561   29819.79786531   34177.21237114   44913.9747155\n",
      "    47446.44051618   44584.11006823 -126470.54905578]\n",
      " [  43022.45725642   43022.49090499   44167.19958546   44658.46548175\n",
      "    29819.79786531  648131.13438865 -350176.45470547  -79000.89214515\n",
      "    47006.67177543   52619.86112876  -88334.60363967]\n",
      " [  43282.04396124   43282.07781288   44433.68537582   44908.76132116\n",
      "    34177.21237114 -350176.45470547  650437.43119178  -95749.87973311\n",
      "    39570.59527999   54739.67240118  -88867.5924586 ]\n",
      " [  40213.06632041   40213.09777183   41283.04997874   40958.8037627\n",
      "    44913.9747155   -79000.89214515  -95749.87973311  648294.31270358\n",
      "  -218024.85283328  -38298.55345937  -82566.30376502]\n",
      " [  46370.07398146   46370.11024834   47603.89459083   47149.74273802\n",
      "    47446.44051618   47006.67177543   39570.59527999 -218024.85283328\n",
      "   665192.08150252 -276312.66726856  -95207.9998937 ]\n",
      " [  45140.81872968   45140.85403513   46341.92965001   46029.85273382\n",
      "    44584.11006823   52619.86112876   54739.67240118  -38298.55345937\n",
      "  -276312.66726856  632211.88800316  -92684.06745556]\n",
      " [-125698.36411859 -125698.46242958 -129042.95308975 -128157.99290737\n",
      "  -126470.54905578  -88334.60363967  -88867.5924586   -82566.30376502\n",
      "   -95207.9998937   -92684.06745556  258086.49437192]]\n",
      "phi pruned before: [[  1.00000000e+00   2.58832886e-01   3.39557546e-10   1.46359821e-27\n",
      "    1.32134733e-38   1.57301952e-54   4.11977533e-55   9.37844634e-65\n",
      "    1.01050608e-71   1.80762317e-77   1.00000000e+00]\n",
      " [  2.58832886e-01   1.00000000e+00   4.56128254e-06   3.28126870e-20\n",
      "    9.21876895e-30   7.06695406e-44   2.12805803e-44   4.42755475e-53\n",
      "    2.13047745e-59   1.24016040e-64   1.00000000e+00]\n",
      " [  3.39557546e-10   4.56128254e-06   1.00000000e+00   3.77831260e-05\n",
      "    3.38528384e-10   7.42050777e-19   3.40421611e-19   5.60754226e-25\n",
      "    2.46314710e-29   5.03750851e-33   1.00000000e+00]\n",
      " [  1.46359821e-27   3.28126870e-20   3.77831260e-05   1.00000000e+00\n",
      "    1.12352645e-01   2.27287372e-05   1.52944607e-05   1.09385717e-08\n",
      "    2.92162855e-11   1.52385132e-13   1.00000000e+00]\n",
      " [  1.32134733e-38   9.21876895e-30   3.38528384e-10   1.12352645e-01\n",
      "    1.00000000e+00   4.04078428e-02   3.24720860e-02   3.87286484e-04\n",
      "    6.93811658e-06   1.62280664e-07   1.00000000e+00]\n",
      " [  1.57301952e-54   7.06695406e-44   7.42050777e-19   2.27287372e-05\n",
      "    4.04078428e-02   1.00000000e+00   9.96403634e-01   3.59376943e-01\n",
      "    6.45854484e-02   9.30499846e-03   1.00000000e+00]\n",
      " [  4.11977533e-55   2.12805803e-44   3.40421611e-19   1.52944607e-05\n",
      "    3.24720860e-02   9.96403634e-01   1.00000000e+00   4.04322122e-01\n",
      "    7.84994581e-02   1.20200208e-02   1.00000000e+00]\n",
      " [  9.37844634e-65   4.42755475e-53   5.60754226e-25   1.09385717e-08\n",
      "    3.87286484e-04   3.59376943e-01   4.04322122e-01   1.00000000e+00\n",
      "    6.60855145e-01   2.65819037e-01   1.00000000e+00]\n",
      " [  1.01050608e-71   2.13047745e-59   2.46314710e-29   2.92162855e-11\n",
      "    6.93811658e-06   6.45854484e-02   7.84994581e-02   6.60855145e-01\n",
      "    1.00000000e+00   7.72969181e-01   1.00000000e+00]\n",
      " [  1.80762317e-77   1.24016040e-64   5.03750851e-33   1.52385132e-13\n",
      "    1.62280664e-07   9.30499846e-03   1.20200208e-02   2.65819037e-01\n",
      "    7.72969181e-01   1.00000000e+00   1.00000000e+00]]\n",
      "phi pruned after: [[  1.00000000e+00   2.58832886e-01   3.39557546e-10   1.46359821e-27\n",
      "    1.32134733e-38   1.57301952e-54   4.11977533e-55   9.37844634e-65\n",
      "    1.01050608e-71   1.80762317e-77   1.00000000e+00]\n",
      " [  2.58832886e-01   1.00000000e+00   4.56128254e-06   3.28126870e-20\n",
      "    9.21876895e-30   7.06695406e-44   2.12805803e-44   4.42755475e-53\n",
      "    2.13047745e-59   1.24016040e-64   1.00000000e+00]\n",
      " [  3.39557546e-10   4.56128254e-06   1.00000000e+00   3.77831260e-05\n",
      "    3.38528384e-10   7.42050777e-19   3.40421611e-19   5.60754226e-25\n",
      "    2.46314710e-29   5.03750851e-33   1.00000000e+00]\n",
      " [  1.46359821e-27   3.28126870e-20   3.77831260e-05   1.00000000e+00\n",
      "    1.12352645e-01   2.27287372e-05   1.52944607e-05   1.09385717e-08\n",
      "    2.92162855e-11   1.52385132e-13   1.00000000e+00]\n",
      " [  1.32134733e-38   9.21876895e-30   3.38528384e-10   1.12352645e-01\n",
      "    1.00000000e+00   4.04078428e-02   3.24720860e-02   3.87286484e-04\n",
      "    6.93811658e-06   1.62280664e-07   1.00000000e+00]\n",
      " [  1.57301952e-54   7.06695406e-44   7.42050777e-19   2.27287372e-05\n",
      "    4.04078428e-02   1.00000000e+00   9.96403634e-01   3.59376943e-01\n",
      "    6.45854484e-02   9.30499846e-03   1.00000000e+00]\n",
      " [  4.11977533e-55   2.12805803e-44   3.40421611e-19   1.52944607e-05\n",
      "    3.24720860e-02   9.96403634e-01   1.00000000e+00   4.04322122e-01\n",
      "    7.84994581e-02   1.20200208e-02   1.00000000e+00]\n",
      " [  9.37844634e-65   4.42755475e-53   5.60754226e-25   1.09385717e-08\n",
      "    3.87286484e-04   3.59376943e-01   4.04322122e-01   1.00000000e+00\n",
      "    6.60855145e-01   2.65819037e-01   1.00000000e+00]\n",
      " [  1.01050608e-71   2.13047745e-59   2.46314710e-29   2.92162855e-11\n",
      "    6.93811658e-06   6.45854484e-02   7.84994581e-02   6.60855145e-01\n",
      "    1.00000000e+00   7.72969181e-01   1.00000000e+00]\n",
      " [  1.80762317e-77   1.24016040e-64   5.03750851e-33   1.52385132e-13\n",
      "    1.62280664e-07   9.30499846e-03   1.20200208e-02   2.65819037e-01\n",
      "    7.72969181e-01   1.00000000e+00   1.00000000e+00]]\n",
      "sigma pruned before: [[ 0.02999717 -0.00084573  0.00403331  0.00401358  0.00523698  0.00271392\n",
      "   0.0027923   0.00039763  0.0019051   0.00413077 -0.00663749]\n",
      " [-0.00084573  0.0093484   0.00117636  0.00117065  0.00152748  0.00079158\n",
      "   0.00081444  0.00011598  0.00055567  0.00120483 -0.00193597]\n",
      " [ 0.00403331  0.00117636  0.05225787  0.00579343  0.00756265  0.00391899\n",
      "   0.00403218  0.00057418  0.00275103  0.00596497 -0.00958476]\n",
      " [ 0.00401358  0.00117065  0.00579343  0.05674692 -0.00196647  0.00409384\n",
      "   0.00415751  0.00056135  0.00271096  0.00593638 -0.00953786]\n",
      " [ 0.00523698  0.00152748  0.00756265 -0.00196647  0.07495635  0.00323924\n",
      "   0.00415199  0.00087997  0.00382031  0.00770705 -0.01244515]\n",
      " [ 0.00271392  0.00079158  0.00391899  0.00409384  0.00323924  0.06341684\n",
      "  -0.04129869 -0.00130612  0.00053147  0.00504124 -0.00644935]\n",
      " [ 0.0027923   0.00081444  0.00403218  0.00415751  0.00415199 -0.04129869\n",
      "   0.06292519 -0.00162867 -0.00044274  0.00496582 -0.00663562]\n",
      " [ 0.00039763  0.00011598  0.00057418  0.00056135  0.00087997 -0.00130612\n",
      "  -0.00162867  0.00922772 -0.00234258 -0.00145951 -0.00094492]\n",
      " [ 0.0019051   0.00055567  0.00275103  0.00271096  0.00382031  0.00053147\n",
      "  -0.00044274 -0.00234258  0.03831624 -0.02509602 -0.00452727]\n",
      " [ 0.00413077  0.00120483  0.00596497  0.00593638  0.00770705  0.00504124\n",
      "   0.00496582 -0.00145951 -0.02509602  0.06454826 -0.00981634]\n",
      " [-0.00663749 -0.00193597 -0.00958476 -0.00953786 -0.01244515 -0.00644935\n",
      "  -0.00663562 -0.00094492 -0.00452727 -0.00981634  0.01577331]]\n",
      "sigma pruned after: [[ 0.02999717 -0.00084573  0.00403331  0.00401358  0.00523698  0.00271392\n",
      "   0.0027923   0.00039763  0.0019051   0.00413077 -0.00663749]\n",
      " [-0.00084573  0.0093484   0.00117636  0.00117065  0.00152748  0.00079158\n",
      "   0.00081444  0.00011598  0.00055567  0.00120483 -0.00193597]\n",
      " [ 0.00403331  0.00117636  0.05225787  0.00579343  0.00756265  0.00391899\n",
      "   0.00403218  0.00057418  0.00275103  0.00596497 -0.00958476]\n",
      " [ 0.00401358  0.00117065  0.00579343  0.05674692 -0.00196647  0.00409384\n",
      "   0.00415751  0.00056135  0.00271096  0.00593638 -0.00953786]\n",
      " [ 0.00523698  0.00152748  0.00756265 -0.00196647  0.07495635  0.00323924\n",
      "   0.00415199  0.00087997  0.00382031  0.00770705 -0.01244515]\n",
      " [ 0.00271392  0.00079158  0.00391899  0.00409384  0.00323924  0.06341684\n",
      "  -0.04129869 -0.00130612  0.00053147  0.00504124 -0.00644935]\n",
      " [ 0.0027923   0.00081444  0.00403218  0.00415751  0.00415199 -0.04129869\n",
      "   0.06292519 -0.00162867 -0.00044274  0.00496582 -0.00663562]\n",
      " [ 0.00039763  0.00011598  0.00057418  0.00056135  0.00087997 -0.00130612\n",
      "  -0.00162867  0.00922772 -0.00234258 -0.00145951 -0.00094492]\n",
      " [ 0.0019051   0.00055567  0.00275103  0.00271096  0.00382031  0.00053147\n",
      "  -0.00044274 -0.00234258  0.03831624 -0.02509602 -0.00452727]\n",
      " [ 0.00413077  0.00120483  0.00596497  0.00593638  0.00770705  0.00504124\n",
      "   0.00496582 -0.00145951 -0.02509602  0.06454826 -0.00981634]\n",
      " [-0.00663749 -0.00193597 -0.00958476 -0.00953786 -0.01244515 -0.00644935\n",
      "  -0.00663562 -0.00094492 -0.00452727 -0.00981634  0.01577331]]\n",
      "phi pruned before: [[  1.00000000e+00   2.58832886e-01   3.39557546e-10   1.46359821e-27\n",
      "    1.32134733e-38   1.57301952e-54   4.11977533e-55   9.37844634e-65\n",
      "    1.01050608e-71   1.80762317e-77   1.00000000e+00]\n",
      " [  2.58832886e-01   1.00000000e+00   4.56128254e-06   3.28126870e-20\n",
      "    9.21876895e-30   7.06695406e-44   2.12805803e-44   4.42755475e-53\n",
      "    2.13047745e-59   1.24016040e-64   1.00000000e+00]\n",
      " [  3.39557546e-10   4.56128254e-06   1.00000000e+00   3.77831260e-05\n",
      "    3.38528384e-10   7.42050777e-19   3.40421611e-19   5.60754226e-25\n",
      "    2.46314710e-29   5.03750851e-33   1.00000000e+00]\n",
      " [  1.46359821e-27   3.28126870e-20   3.77831260e-05   1.00000000e+00\n",
      "    1.12352645e-01   2.27287372e-05   1.52944607e-05   1.09385717e-08\n",
      "    2.92162855e-11   1.52385132e-13   1.00000000e+00]\n",
      " [  1.32134733e-38   9.21876895e-30   3.38528384e-10   1.12352645e-01\n",
      "    1.00000000e+00   4.04078428e-02   3.24720860e-02   3.87286484e-04\n",
      "    6.93811658e-06   1.62280664e-07   1.00000000e+00]\n",
      " [  1.57301952e-54   7.06695406e-44   7.42050777e-19   2.27287372e-05\n",
      "    4.04078428e-02   1.00000000e+00   9.96403634e-01   3.59376943e-01\n",
      "    6.45854484e-02   9.30499846e-03   1.00000000e+00]\n",
      " [  4.11977533e-55   2.12805803e-44   3.40421611e-19   1.52944607e-05\n",
      "    3.24720860e-02   9.96403634e-01   1.00000000e+00   4.04322122e-01\n",
      "    7.84994581e-02   1.20200208e-02   1.00000000e+00]\n",
      " [  9.37844634e-65   4.42755475e-53   5.60754226e-25   1.09385717e-08\n",
      "    3.87286484e-04   3.59376943e-01   4.04322122e-01   1.00000000e+00\n",
      "    6.60855145e-01   2.65819037e-01   1.00000000e+00]\n",
      " [  1.01050608e-71   2.13047745e-59   2.46314710e-29   2.92162855e-11\n",
      "    6.93811658e-06   6.45854484e-02   7.84994581e-02   6.60855145e-01\n",
      "    1.00000000e+00   7.72969181e-01   1.00000000e+00]\n",
      " [  1.80762317e-77   1.24016040e-64   5.03750851e-33   1.52385132e-13\n",
      "    1.62280664e-07   9.30499846e-03   1.20200208e-02   2.65819037e-01\n",
      "    7.72969181e-01   1.00000000e+00   1.00000000e+00]]\n",
      "phi pruned after: [[  1.00000000e+00   2.58832886e-01   3.39557546e-10   1.46359821e-27\n",
      "    1.32134733e-38   1.57301952e-54   4.11977533e-55   9.37844634e-65\n",
      "    1.01050608e-71   1.80762317e-77   1.00000000e+00]\n",
      " [  2.58832886e-01   1.00000000e+00   4.56128254e-06   3.28126870e-20\n",
      "    9.21876895e-30   7.06695406e-44   2.12805803e-44   4.42755475e-53\n",
      "    2.13047745e-59   1.24016040e-64   1.00000000e+00]\n",
      " [  3.39557546e-10   4.56128254e-06   1.00000000e+00   3.77831260e-05\n",
      "    3.38528384e-10   7.42050777e-19   3.40421611e-19   5.60754226e-25\n",
      "    2.46314710e-29   5.03750851e-33   1.00000000e+00]\n",
      " [  1.46359821e-27   3.28126870e-20   3.77831260e-05   1.00000000e+00\n",
      "    1.12352645e-01   2.27287372e-05   1.52944607e-05   1.09385717e-08\n",
      "    2.92162855e-11   1.52385132e-13   1.00000000e+00]\n",
      " [  1.32134733e-38   9.21876895e-30   3.38528384e-10   1.12352645e-01\n",
      "    1.00000000e+00   4.04078428e-02   3.24720860e-02   3.87286484e-04\n",
      "    6.93811658e-06   1.62280664e-07   1.00000000e+00]\n",
      " [  1.57301952e-54   7.06695406e-44   7.42050777e-19   2.27287372e-05\n",
      "    4.04078428e-02   1.00000000e+00   9.96403634e-01   3.59376943e-01\n",
      "    6.45854484e-02   9.30499846e-03   1.00000000e+00]\n",
      " [  4.11977533e-55   2.12805803e-44   3.40421611e-19   1.52944607e-05\n",
      "    3.24720860e-02   9.96403634e-01   1.00000000e+00   4.04322122e-01\n",
      "    7.84994581e-02   1.20200208e-02   1.00000000e+00]\n",
      " [  9.37844634e-65   4.42755475e-53   5.60754226e-25   1.09385717e-08\n",
      "    3.87286484e-04   3.59376943e-01   4.04322122e-01   1.00000000e+00\n",
      "    6.60855145e-01   2.65819037e-01   1.00000000e+00]\n",
      " [  1.01050608e-71   2.13047745e-59   2.46314710e-29   2.92162855e-11\n",
      "    6.93811658e-06   6.45854484e-02   7.84994581e-02   6.60855145e-01\n",
      "    1.00000000e+00   7.72969181e-01   1.00000000e+00]\n",
      " [  1.80762317e-77   1.24016040e-64   5.03750851e-33   1.52385132e-13\n",
      "    1.62280664e-07   9.30499846e-03   1.20200208e-02   2.65819037e-01\n",
      "    7.72969181e-01   1.00000000e+00   1.00000000e+00]]\n",
      "sigma pruned before: [[  9.91813867e-03  -2.22495168e-05   9.94552774e-04   1.11826079e-03\n",
      "    1.23909744e-03   6.41538026e-04   7.49213842e-04   7.22162759e-05\n",
      "    1.33916129e-05   1.35177065e-03  -1.45848695e-03]\n",
      " [ -2.22495168e-05   2.53416888e-04   2.32313001e-05   2.61224848e-05\n",
      "    2.89452195e-05   1.49862783e-05   1.75015769e-05   1.68696657e-06\n",
      "    3.12827033e-07   3.15772569e-05  -3.40701415e-05]\n",
      " [  9.94552774e-04   2.32313001e-05   2.77252105e-02   2.40962481e-03\n",
      "    2.67209387e-03   1.38333175e-03   1.61551381e-03   1.55719038e-04\n",
      "    2.88761398e-05   2.91480077e-03  -3.14491077e-03]\n",
      " [  1.11826079e-03   2.61224848e-05   2.40962481e-03   3.53519844e-02\n",
      "   -3.89421834e-03   1.75538667e-03   1.89719617e-03   1.64133595e-04\n",
      "    3.14815121e-05   3.26082904e-03  -3.53606593e-03]\n",
      " [  1.23909744e-03   2.89452195e-05   2.67209387e-03  -3.89421834e-03\n",
      "    4.01030789e-02   1.80240784e-04   1.73293614e-03   2.84773762e-04\n",
      "    4.27684549e-05   3.72811758e-03  -3.91816496e-03]\n",
      " [  6.41538026e-04   1.49862783e-05   1.38333175e-03   1.75538667e-03\n",
      "    1.80240784e-04   8.23916594e-02  -7.12163280e-02  -5.67138973e-04\n",
      "    5.51342880e-06   2.35927206e-03  -2.02861514e-03]\n",
      " [  7.49213842e-04   1.75015769e-05   1.61551381e-03   1.89719617e-03\n",
      "    1.73293614e-03  -7.12163280e-02   8.19255507e-02  -1.08196411e-03\n",
      "   -5.55046541e-05   1.09705745e-03  -2.36909813e-03]\n",
      " [  7.22162759e-05   1.68696657e-06   1.55719038e-04   1.64133595e-04\n",
      "    2.84773762e-04  -5.67138973e-04  -1.08196411e-03   3.85932822e-03\n",
      "   -3.94936702e-05  -1.63743416e-03  -2.28355958e-04]\n",
      " [  1.33916129e-05   3.12827033e-07   2.88761398e-05   3.14815121e-05\n",
      "    4.27684549e-05   5.51342880e-06  -5.55046541e-05  -3.94936702e-05\n",
      "    8.05683835e-04  -6.39561712e-04  -4.23457807e-05]\n",
      " [  1.35177065e-03   3.15772569e-05   2.91480077e-03   3.26082904e-03\n",
      "    3.72811758e-03   2.35927206e-03   1.09705745e-03  -1.63743416e-03\n",
      "   -6.39561712e-04   2.48272897e-02  -4.27445028e-03]\n",
      " [ -1.45848695e-03  -3.40701415e-05  -3.14491077e-03  -3.53606593e-03\n",
      "   -3.91816496e-03  -2.02861514e-03  -2.36909813e-03  -2.28355958e-04\n",
      "   -4.23457807e-05  -4.27445028e-03   4.61189920e-03]]\n",
      "sigma pruned after: [[  9.91813867e-03  -2.22495168e-05   9.94552774e-04   1.11826079e-03\n",
      "    1.23909744e-03   6.41538026e-04   7.49213842e-04   7.22162759e-05\n",
      "    1.33916129e-05   1.35177065e-03  -1.45848695e-03]\n",
      " [ -2.22495168e-05   2.53416888e-04   2.32313001e-05   2.61224848e-05\n",
      "    2.89452195e-05   1.49862783e-05   1.75015769e-05   1.68696657e-06\n",
      "    3.12827033e-07   3.15772569e-05  -3.40701415e-05]\n",
      " [  9.94552774e-04   2.32313001e-05   2.77252105e-02   2.40962481e-03\n",
      "    2.67209387e-03   1.38333175e-03   1.61551381e-03   1.55719038e-04\n",
      "    2.88761398e-05   2.91480077e-03  -3.14491077e-03]\n",
      " [  1.11826079e-03   2.61224848e-05   2.40962481e-03   3.53519844e-02\n",
      "   -3.89421834e-03   1.75538667e-03   1.89719617e-03   1.64133595e-04\n",
      "    3.14815121e-05   3.26082904e-03  -3.53606593e-03]\n",
      " [  1.23909744e-03   2.89452195e-05   2.67209387e-03  -3.89421834e-03\n",
